0 0.910419 0.514236 0.0837519 0.193397 0.839277
0 0.30826 0.208109 0.113484 0.104199 0.822869
0 0.341117 0.778834 0.0443664 0.198812 0.750011
0 0.505746 0.275205 0.277061 0.0386263 0.734374
0 0.151685 0.755183 0.303371 0.0854529 0.68992
0 0.623246 0.610224 0.594149 0.0527422 0.661917
0 0.242122 0.119906 0.0316918 0.0804578 0.6039
0 0.920141 0.933857 0.158371 0.0598515 0.534937
0 0.934014 0.407636 0.121 0.025224 0.459088
0 0.758115 0.744577 0.312023 0.218725 0.452553
0 0.566231 0.125541 0.0140987 0.056737 0.409386
0 0.567787 0.130444 0.0128173 0.0598185 0.323278
0 0.335215 0.780208 0.0305543 0.194649 0.295762
