0 0.412119 0.699501 0.705946 0.0975336 0.797827
0 0.0934598 0.20662 0.18692 0.0306185 0.612515
0 0.307479 0.384133 0.0365242 0.143727 0.611198
0 0.144713 0.463343 0.288502 0.0392494 0.609135
0 0.383329 0.307248 0.116814 0.0360684 0.588709
0 0.139219 0.538355 0.278438 0.166533 0.558089
0 0.302231 0.38884 0.0333501 0.134925 0.35143
0 0.14316 0.507277 0.286321 0.108627 0.339843
0 0.382472 0.312688 0.112587 0.023384 0.276081
0 0.505544 0.717315 0.504023 0.0474321 0.275526
0 0.189914 0.0911368 0.015693 0.0633361 0.261243
