0 0.134712 0.821793 0.0753514 0.221995 0.856229
0 0.76353 0.54795 0.056042 0.21766 0.814953
0 0.389298 0.288224 0.285485 0.0443094 0.755283
0 0.194159 0.222121 0.106483 0.105958 0.746897
0 0.583124 0.803312 0.326551 0.287588 0.71721
0 0.448084 0.645635 0.619578 0.0546097 0.585848
0 0.805427 0.430896 0.125122 0.023871 0.532689
0 0.480624 0.135382 0.0127684 0.0682728 0.528566
0 0.140162 0.125242 0.0272385 0.0898782 0.433948
0 0.0470636 0.7891 0.0935153 0.060367 0.406588
0 0.803658 0.428275 0.132599 0.0329789 0.370947
0 0.665628 0.97155 0.140381 0.054553 0.358953
0 0.49335 0.643307 0.533293 0.0441604 0.340356
0 0.295058 0.652507 0.310106 0.0509847 0.286504
0 0.0467891 0.802714 0.0919799 0.0879451 0.286284
0 0.679547 0.969804 0.183419 0.0603924 0.279699
