0 0.795779 0.819569 0.407851 0.176755 0.868302
0 0.561261 0.631319 0.279376 0.203568 0.864759
0 0.188782 0.611427 0.058869 0.152698 0.783368
0 0.410569 0.227641 0.250363 0.0464793 0.746586
0 0.72921 0.449195 0.0401487 0.161336 0.70923
0 0.23829 0.15964 0.086514 0.0861225 0.679225
0 0.774152 0.366469 0.112297 0.0292531 0.669135
0 0.455311 0.508779 0.511571 0.0566891 0.637358
0 0.0764948 0.589123 0.15299 0.0565161 0.586817
0 0.192039 0.0731103 0.0357328 0.0673108 0.514199
0 0.49522 0.109166 0.0120044 0.0600473 0.394942
0 0.07809 0.580268 0.155535 0.0387958 0.355027
